300 1800 60 
1 2 20 
2 3 75 
3 4 86 
4 5 74 
5 6 29 
6 7 46 
7 8 81 
8 9 33 
9 10 33 
10 11 27 
11 12 62 
12 13 21 
13 14 68 
14 15 81 
15 16 68 
16 17 47 
17 18 80 
18 19 9 
19 20 16 
20 21 4 
21 22 60 
22 23 96 
23 24 22 
24 25 54 
25 26 2 
26 27 52 
27 28 41 
28 29 93 
29 30 54 
30 31 96 
31 32 49 
32 33 16 
33 34 17 
34 35 83 
35 36 35 
36 37 2 
37 38 84 
38 39 42 
39 40 93 
40 41 18 
41 42 70 
42 43 36 
43 44 52 
44 45 92 
45 46 40 
46 47 79 
47 48 28 
48 49 14 
49 50 49 
50 51 78 
51 52 18 
52 53 87 
53 54 95 
54 55 23 
55 56 15 
56 57 57 
57 58 13 
58 59 40 
59 60 28 
60 61 60 
61 62 76 
62 63 77 
63 64 4 
64 65 72 
65 66 21 
66 67 23 
67 68 30 
68 69 64 
69 70 17 
70 71 57 
71 72 52 
72 73 1 
73 74 23 
74 75 98 
75 76 86 
76 77 41 
77 78 65 
78 79 85 
79 80 10 
80 81 84 
81 82 99 
82 83 59 
83 84 78 
84 85 36 
85 86 82 
86 87 48 
87 88 30 
88 89 87 
89 90 58 
90 91 24 
91 92 94 
92 93 38 
93 94 58 
94 95 85 
95 96 25 
96 97 89 
97 98 40 
98 99 84 
99 100 61 
100 101 83 
101 102 98 
102 103 81 
103 104 59 
104 105 54 
105 106 50 
106 107 16 
107 108 44 
108 109 92 
109 110 16 
110 111 97 
111 112 70 
112 113 12 
113 114 42 
114 115 46 
115 116 54 
116 117 21 
117 118 70 
118 119 45 
119 120 29 
120 121 54 
121 122 62 
122 123 65 
123 124 4 
124 125 18 
125 126 26 
126 127 28 
127 128 94 
128 129 6 
129 130 11 
130 131 12 
131 132 64 
132 133 37 
133 134 15 
134 135 66 
135 136 33 
136 137 14 
137 138 46 
138 139 52 
139 140 57 
140 141 72 
141 142 77 
142 143 53 
143 144 57 
144 145 12 
145 146 67 
146 147 63 
147 148 87 
148 149 13 
149 150 26 
150 151 19 
151 152 88 
152 153 75 
153 154 95 
154 155 21 
155 156 91 
156 157 81 
157 158 97 
158 159 45 
159 160 21 
160 161 86 
161 162 4 
162 163 50 
163 164 9 
164 165 39 
165 166 27 
166 167 77 
167 168 5 
168 169 36 
169 170 49 
170 171 35 
171 172 45 
172 173 11 
173 174 40 
174 175 62 
175 176 70 
176 177 92 
177 178 36 
178 179 66 
179 180 86 
180 181 20 
181 182 70 
182 183 67 
183 184 80 
184 185 33 
185 186 37 
186 187 89 
187 188 77 
188 189 17 
189 190 32 
190 191 19 
191 192 56 
192 193 28 
193 194 52 
194 195 57 
195 196 33 
196 197 82 
197 198 23 
198 199 8 
199 200 52 
200 201 90 
201 202 21 
202 203 89 
203 204 64 
204 205 34 
205 206 60 
206 207 50 
207 208 92 
208 209 77 
209 210 94 
210 211 31 
211 212 68 
212 213 84 
213 214 100 
214 215 83 
215 216 5 
216 217 57 
217 218 20 
218 219 76 
219 220 94 
220 221 60 
221 222 27 
222 223 92 
223 224 95 
224 225 50 
225 226 99 
226 227 2 
227 228 37 
228 229 41 
229 230 71 
230 231 33 
231 232 62 
232 233 87 
233 234 91 
234 235 94 
235 236 60 
236 237 88 
237 238 40 
238 239 95 
239 240 3 
240 241 14 
241 242 6 
242 243 5 
243 244 63 
244 245 50 
245 246 16 
246 247 16 
247 248 43 
248 249 51 
249 250 31 
250 251 94 
251 252 22 
252 253 40 
253 254 56 
254 255 83 
255 256 57 
256 257 72 
257 258 73 
258 259 36 
259 260 46 
260 261 49 
261 262 60 
262 263 21 
263 264 33 
264 265 56 
265 266 79 
266 267 66 
267 268 35 
268 269 64 
269 270 71 
270 271 75 
271 272 83 
272 273 79 
273 274 11 
274 275 46 
275 276 67 
276 277 87 
277 278 38 
278 279 86 
279 280 42 
280 281 61 
281 282 94 
282 283 84 
283 284 28 
284 285 39 
285 286 54 
286 287 2 
287 288 57 
288 289 85 
289 290 70 
290 291 41 
291 292 13 
292 293 30 
293 294 46 
294 295 99 
295 296 99 
296 297 51 
297 298 78 
298 299 71 
299 300 13 
300 1 48 
56 19 94 
182 279 29 
194 264 17 
132 231 16 
182 52 75 
145 223 48 
35 201 51 
288 289 82 
185 292 3 
48 182 22 
229 142 93 
132 122 85 
118 294 21 
137 261 36 
244 24 96 
265 264 39 
179 170 51 
161 168 85 
55 159 40 
198 11 87 
116 225 12 
287 207 36 
177 214 34 
1 148 63 
72 114 28 
215 34 1 
148 33 74 
295 38 80 
243 241 43 
12 45 68 
117 136 48 
218 82 95 
162 291 72 
110 243 85 
58 146 93 
75 188 62 
46 135 76 
31 38 72 
149 76 35 
146 266 55 
272 161 52 
238 262 98 
24 103 97 
286 279 13 
242 278 6 
72 95 78 
273 36 54 
77 195 51 
244 113 67 
288 135 14 
18 76 11 
180 139 50 
185 73 69 
207 82 34 
105 168 56 
3 72 36 
293 213 73 
119 277 49 
137 213 19 
267 71 32 
194 58 89 
124 85 33 
113 293 44 
125 238 78 
48 86 24 
149 74 80 
30 138 40 
274 186 13 
85 50 34 
123 80 89 
103 108 55 
145 184 47 
104 268 31 
96 224 73 
40 178 21 
227 51 14 
141 58 57 
26 70 89 
260 276 20 
109 33 7 
3 124 35 
137 284 29 
10 86 11 
140 216 89 
34 295 84 
146 274 3 
139 147 4 
62 141 5 
173 196 42 
157 78 13 
249 190 5 
274 121 74 
290 249 93 
137 200 82 
223 179 60 
282 225 11 
126 274 80 
65 154 92 
76 169 63 
191 28 26 
116 99 96 
287 254 94 
156 284 28 
250 18 35 
229 25 22 
241 244 75 
171 248 54 
279 174 99 
19 70 14 
155 237 90 
244 196 89 
122 184 75 
30 199 64 
225 133 95 
105 261 99 
59 251 65 
158 78 28 
200 17 88 
111 30 92 
95 149 88 
244 83 2 
208 254 12 
58 19 94 
243 294 56 
277 266 57 
56 165 3 
165 220 31 
195 260 52 
24 245 100 
32 60 55 
291 214 57 
41 190 73 
233 220 5 
209 100 84 
187 295 71 
50 38 1 
265 175 50 
236 72 63 
40 236 59 
168 291 89 
181 234 97 
152 164 46 
226 117 8 
201 204 53 
123 37 21 
11 159 38 
244 135 53 
185 237 38 
216 265 77 
23 256 100 
24 143 64 
74 37 1 
198 112 91 
268 189 19 
128 275 47 
14 263 8 
201 45 53 
119 101 54 
281 23 34 
188 7 83 
218 110 17 
194 144 6 
231 179 41 
24 39 42 
150 86 53 
65 276 90 
134 165 33 
237 270 36 
24 235 97 
235 246 32 
238 3 66 
113 34 30 
108 121 30 
49 91 12 
203 271 64 
217 208 13 
10 212 74 
146 167 49 
280 254 28 
176 74 38 
27 134 16 
256 190 25 
28 166 58 
103 142 50 
213 18 49 
9 215 18 
39 65 47 
6 33 75 
244 57 54 
96 129 7 
25 171 34 
181 102 55 
268 183 91 
204 17 29 
227 61 95 
191 85 50 
16 162 98 
112 214 45 
80 16 7 
51 15 56 
172 238 90 
30 78 52 
49 282 50 
109 195 73 
147 10 54 
41 224 14 
139 172 55 
108 77 31 
84 63 17 
239 134 15 
214 180 12 
204 63 11 
82 103 96 
115 210 31 
143 286 9 
173 86 32 
10 98 62 
264 229 42 
62 14 76 
156 57 59 
170 31 11 
72 15 29 
83 262 91 
27 261 40 
55 236 64 
12 245 43 
234 127 3 
197 236 48 
21 142 14 
142 208 88 
162 161 32 
221 138 94 
143 162 45 
216 57 12 
214 151 8 
47 203 1 
114 193 14 
219 211 95 
128 52 84 
27 208 88 
93 69 77 
126 89 55 
23 92 46 
238 66 27 
55 260 19 
8 252 15 
263 289 59 
146 263 63 
161 108 5 
49 216 67 
173 135 3 
19 165 48 
248 161 52 
48 52 33 
296 267 54 
193 168 89 
292 38 87 
177 125 73 
294 178 59 
270 173 86 
21 174 74 
284 245 35 
208 9 52 
185 273 96 
142 59 53 
143 50 61 
270 126 53 
83 127 39 
201 166 79 
226 288 18 
133 8 33 
135 299 20 
128 110 27 
271 121 59 
27 263 68 
153 40 45 
289 255 63 
81 139 62 
164 201 12 
56 281 88 
153 181 33 
64 173 59 
54 222 38 
153 7 55 
213 232 75 
102 219 8 
151 7 65 
207 175 19 
251 279 66 
123 82 8 
71 287 96 
9 183 37 
48 158 59 
130 234 85 
281 289 15 
109 156 8 
222 124 32 
234 183 1 
175 286 82 
188 12 73 
234 222 47 
77 78 70 
181 238 33 
236 13 10 
29 207 5 
116 231 29 
23 204 77 
71 143 46 
282 236 37 
72 154 42 
145 66 31 
98 53 91 
115 186 37 
104 3 68 
98 41 55 
289 115 73 
156 238 5 
224 283 23 
41 9 43 
241 298 53 
196 281 12 
23 17 69 
113 294 33 
111 93 87 
204 80 8 
75 153 56 
65 233 19 
211 12 43 
10 83 33 
17 213 42 
237 9 8 
78 137 88 
256 54 26 
48 165 22 
146 278 24 
175 42 7 
194 139 41 
70 20 21 
149 170 15 
24 116 29 
143 147 63 
189 13 27 
196 70 83 
35 230 80 
197 203 56 
249 4 81 
114 257 91 
274 9 38 
56 112 59 
110 277 12 
6 157 76 
164 210 84 
126 271 95 
45 181 80 
80 179 47 
138 149 84 
251 219 95 
78 102 33 
54 188 5 
91 295 50 
298 18 9 
236 78 95 
242 222 64 
126 89 19 
53 58 1 
236 116 80 
292 214 21 
84 289 99 
218 43 95 
242 297 89 
205 237 74 
159 35 70 
251 77 1 
4 146 36 
83 103 27 
106 194 77 
28 42 45 
152 145 22 
223 170 8 
195 200 19 
45 57 67 
128 130 28 
145 40 100 
240 232 91 
235 154 10 
226 94 33 
209 93 60 
96 290 60 
72 294 37 
38 272 58 
87 80 95 
169 177 62 
203 214 33 
64 144 28 
176 74 83 
250 269 12 
7 246 92 
83 170 1 
203 7 61 
191 224 14 
116 188 2 
119 53 30 
126 247 18 
267 36 46 
288 168 100 
154 200 9 
55 269 50 
135 191 84 
16 179 2 
18 225 1 
63 65 28 
282 37 8 
212 288 1 
154 255 81 
4 79 78 
190 28 84 
79 147 52 
94 286 65 
37 59 47 
161 182 8 
129 274 42 
282 222 40 
288 17 71 
119 174 37 
72 48 83 
195 231 67 
153 24 41 
82 116 5 
298 63 78 
261 288 97 
274 191 59 
176 250 66 
277 237 20 
75 138 32 
91 19 28 
134 221 25 
60 71 80 
278 147 3 
82 233 48 
148 109 44 
20 230 51 
272 16 18 
179 89 43 
298 66 32 
239 172 64 
168 117 49 
225 165 72 
196 86 97 
50 8 93 
127 292 23 
57 249 71 
21 32 28 
104 137 86 
86 166 90 
240 32 6 
16 234 88 
262 93 77 
144 125 50 
130 241 71 
119 258 20 
232 298 20 
41 164 5 
86 82 50 
184 171 36 
126 85 91 
236 199 21 
292 121 68 
136 128 15 
9 64 56 
56 98 22 
10 110 49 
97 16 92 
181 53 91 
229 292 22 
227 135 88 
196 217 81 
74 73 84 
221 132 65 
188 274 9 
276 16 14 
69 134 72 
265 67 46 
43 12 28 
256 74 38 
223 92 18 
188 74 84 
277 173 37 
281 168 1 
274 261 76 
226 74 32 
36 37 56 
248 185 66 
106 217 59 
7 190 43 
243 60 30 
197 148 97 
284 169 10 
282 242 11 
54 224 68 
250 181 82 
202 217 84 
67 34 61 
43 201 84 
179 37 90 
15 174 89 
241 255 12 
264 150 87 
268 116 40 
140 203 67 
74 57 83 
11 79 49 
96 226 33 
286 47 92 
252 42 34 
8 180 20 
48 228 44 
174 47 8 
48 179 58 
102 30 79 
142 26 45 
52 277 29 
137 81 44 
283 90 79 
162 142 66 
212 89 94 
255 95 33 
199 158 95 
153 262 74 
159 73 99 
185 229 57 
182 109 34 
210 7 29 
221 24 49 
76 52 92 
46 167 6 
276 182 58 
258 56 42 
151 28 100 
42 257 74 
165 12 46 
186 86 58 
290 118 17 
26 256 38 
152 113 75 
191 251 23 
27 123 30 
214 243 45 
210 232 80 
98 133 17 
295 203 17 
126 104 93 
281 126 65 
135 77 94 
117 68 4 
289 15 53 
139 53 85 
275 117 50 
56 32 10 
138 36 67 
228 174 42 
231 200 87 
97 119 6 
189 46 69 
172 233 43 
219 268 78 
120 208 65 
73 47 47 
283 127 85 
286 178 94 
31 148 19 
198 95 77 
102 241 52 
63 108 60 
15 113 64 
140 84 67 
96 242 29 
35 278 12 
153 17 98 
236 280 8 
165 249 8 
76 191 11 
221 286 84 
136 227 96 
106 132 71 
80 132 2 
216 35 70 
89 231 19 
114 260 83 
229 280 28 
174 236 100 
43 50 24 
63 78 70 
57 230 5 
280 36 55 
241 242 22 
132 256 1 
178 269 92 
225 290 41 
18 117 28 
149 133 42 
87 165 5 
212 144 83 
247 74 77 
39 101 11 
43 90 59 
100 70 92 
252 25 16 
223 131 34 
59 105 8 
197 297 2 
66 171 53 
228 146 83 
202 6 96 
162 31 69 
79 112 11 
112 178 12 
240 220 88 
45 205 63 
250 53 14 
29 197 73 
226 175 28 
70 137 77 
134 110 22 
256 261 96 
81 53 83 
172 279 3 
74 257 55 
153 81 40 
45 63 87 
240 82 46 
187 194 8 
225 126 69 
193 131 90 
11 92 2 
269 56 33 
144 56 65 
71 257 11 
216 66 13 
258 15 5 
112 26 3 
246 154 82 
139 6 90 
270 264 16 
244 146 84 
38 288 96 
124 152 61 
276 254 67 
55 138 38 
8 203 75 
219 250 20 
89 97 7 
254 69 4 
182 64 70 
154 231 3 
276 234 10 
104 153 43 
64 187 56 
203 270 14 
241 180 28 
237 233 98 
155 44 51 
74 153 63 
103 177 85 
109 213 63 
180 160 2 
243 66 44 
293 236 86 
136 62 61 
58 113 30 
117 107 34 
218 33 25 
112 82 83 
273 179 69 
36 86 75 
298 218 92 
237 156 6 
150 235 57 
8 150 57 
157 169 48 
130 52 57 
9 155 20 
102 6 18 
173 12 8 
3 173 45 
63 126 84 
122 125 31 
166 94 44 
292 182 82 
115 172 76 
45 26 70 
27 281 8 
119 53 14 
148 168 7 
69 151 36 
18 35 35 
202 261 49 
221 16 84 
238 168 55 
86 64 21 
204 21 68 
5 17 45 
276 75 75 
106 264 82 
4 240 61 
271 18 7 
16 62 23 
32 209 36 
99 166 17 
48 14 88 
255 79 8 
13 276 80 
51 191 75 
171 104 11 
225 175 34 
141 213 48 
10 236 95 
294 15 93 
247 227 97 
288 246 94 
57 124 21 
139 47 39 
210 278 38 
90 27 94 
189 52 90 
255 199 100 
277 12 12 
63 134 1 
267 7 42 
8 277 70 
133 251 24 
233 256 10 
214 249 14 
261 73 45 
100 24 76 
28 265 23 
191 201 99 
10 136 89 
26 242 37 
89 4 64 
99 220 82 
287 126 32 
219 135 94 
84 225 67 
236 181 24 
245 17 28 
119 13 68 
201 150 27 
201 270 100 
228 222 72 
244 208 83 
47 270 49 
180 249 43 
93 101 9 
93 29 28 
272 58 69 
253 249 20 
187 119 8 
161 173 5 
17 112 27 
94 31 98 
124 114 51 
67 217 99 
25 152 21 
181 179 41 
125 217 11 
284 248 69 
14 104 60 
70 100 14 
77 146 21 
216 168 50 
273 99 99 
137 270 45 
78 15 70 
241 159 28 
261 257 71 
1 165 90 
90 299 63 
222 95 11 
45 278 34 
142 259 85 
21 141 92 
199 220 57 
268 79 12 
159 177 79 
153 108 61 
244 229 61 
44 246 62 
12 182 84 
100 87 86 
209 205 82 
293 186 36 
161 271 52 
191 74 94 
169 13 66 
228 262 94 
240 78 67 
174 9 23 
69 206 34 
285 209 97 
129 75 2 
287 106 90 
163 191 7 
74 133 13 
111 186 83 
263 124 63 
254 238 89 
119 221 41 
250 119 13 
15 143 90 
89 286 66 
244 254 35 
160 166 1 
267 39 52 
267 78 92 
181 239 97 
14 214 20 
197 146 22 
200 115 31 
103 107 44 
77 284 6 
49 255 49 
67 49 88 
263 111 53 
214 289 48 
63 19 23 
135 204 62 
278 158 97 
79 89 66 
237 233 56 
133 206 29 
195 204 40 
31 241 86 
83 98 37 
241 193 65 
14 260 7 
224 257 18 
298 225 15 
296 32 68 
158 117 80 
180 20 94 
287 284 98 
86 74 23 
163 247 35 
151 261 88 
259 34 80 
37 295 54 
267 77 17 
164 103 71 
91 281 27 
243 255 74 
21 85 30 
217 144 70 
29 144 81 
89 264 85 
186 274 75 
244 80 60 
191 278 53 
192 139 56 
45 54 39 
261 203 58 
197 2 55 
72 150 97 
39 30 11 
122 158 19 
57 185 40 
37 234 80 
240 93 4 
20 55 92 
3 282 86 
247 96 60 
89 97 66 
284 251 75 
103 8 86 
285 105 81 
152 266 6 
261 282 50 
283 273 37 
262 194 79 
187 169 66 
249 265 39 
192 52 78 
214 55 39 
40 102 12 
229 30 100 
260 241 3 
96 64 59 
138 256 88 
236 276 83 
38 253 57 
296 207 71 
130 191 10 
247 64 11 
160 284 13 
145 42 22 
173 120 66 
56 84 52 
5 95 50 
13 276 4 
185 40 59 
38 107 95 
58 276 44 
203 127 65 
38 259 57 
60 206 23 
11 148 34 
83 250 69 
266 160 35 
120 157 75 
247 62 88 
50 176 81 
9 209 48 
195 257 38 
38 155 61 
152 112 61 
19 143 66 
173 195 95 
122 113 80 
105 79 7 
41 98 86 
246 200 51 
169 240 40 
172 52 85 
40 272 67 
34 292 35 
67 249 90 
70 121 80 
159 39 3 
120 66 78 
153 120 54 
242 208 14 
24 124 85 
179 79 75 
52 211 44 
116 215 35 
227 222 70 
243 184 51 
196 194 20 
190 187 4 
199 175 47 
208 295 17 
120 84 27 
156 216 80 
68 19 78 
285 73 23 
257 107 13 
277 96 43 
77 54 19 
159 227 34 
169 159 43 
212 299 72 
117 76 34 
239 272 67 
165 80 11 
103 101 45 
161 6 77 
282 16 97 
240 159 35 
77 116 78 
274 75 27 
270 280 25 
136 213 52 
130 27 66 
284 31 49 
155 144 80 
114 227 82 
77 171 68 
20 129 13 
149 17 53 
23 273 81 
247 74 86 
299 120 94 
62 222 74 
103 241 68 
23 284 40 
87 175 12 
248 278 99 
141 241 54 
211 193 29 
198 184 12 
69 262 29 
205 180 75 
100 214 54 
130 226 69 
77 31 83 
247 295 52 
163 126 56 
236 88 50 
296 171 88 
49 4 41 
110 196 58 
257 54 34 
241 149 85 
255 51 86 
40 121 66 
227 286 33 
244 282 1 
101 144 84 